26287.891145308226
30363.64159819999
26954.080900832538
39531.26551576093
8214.929992208703
8206.116566607532
13977.671943905865
25222.204635003283
77994.37130293697
14214.393472937561
8207.119498953303
25228.09451061637
28918.832585779805
15506.630564760493
8860.10318981826
13186.517482548968
30773.418116419336
46468.098937888026
8544.253197086668
8689.376355089526
8278.297821493441
8214.745869169028
13950.205362470342
8231.465352739564
8395.540028511687
8630.703118961774
8393.90317406525
12006.714886776557
23308.544647386945
8234.394318109682
21394.666185429494
8203.719538118226
8314.148746087467
11287.519505785189
8777.696307413178
8467.522646044743
8203.719538118226
8203.719538118226
8212.348840679724
8350.958482077212
8468.501463602995
8234.394318109682
