4.419755747738512
4.482353856523881
4.4306245275390905
4.596940717649684
3.914603866720928
3.9141376817601734
4.145434843361776
4.401783044924224
4.892063261661244
4.152728333110096
3.9141907569712155
4.401884449297748
4.46118075709458
4.190517440231188
3.947438779957896
4.120130114893629
4.488175737607668
4.667154905367328
3.9316741095894754
3.938988607833882
3.9179410466002023
3.914594132673732
4.144580600952354
3.9154771545270304
3.9240486366098177
3.9360461778990388
3.923963955200501
4.079424197935333
4.367515157632938
3.9156316600963446
4.330305514706049
3.9140108046546827
3.9198177900796405
4.052598513819684
3.9433805509568653
3.92775636682114
3.9140108046546827
3.9140108046546827
3.9144673888676427
3.921736324536043
3.9278065669226585
3.9156316600963446
